%YAML:1.0
---
calibration_time: "Wed Nov 18 22:57:44 2020"
nframes: 30
image_width: 2448
image_height: 2048
board_width: 11
board_height: 8
square_size: 9.9999997764825821e-03
flags: 0
camera_matrix: !!opencv-matrix
   rows: 3
   cols: 3
   dt: d
   data: [ 3.6020096696841001e+03, 0., 1.3359314616728150e+03, 0.,
       3.5728201030855321e+03, 1.0578297980015141e+03, 0., 0., 1. ]
distortion_coefficients: !!opencv-matrix
   rows: 5
   cols: 1
   dt: d
   data: [ -1.1684457442784134e-01, 1.7977700635080646e-01,
       2.9027731265286907e-03, 6.2160184159379137e-03, 0. ]
avg_reprojection_error: 1.2294903456313142e+00
per_view_reprojection_errors: !!opencv-matrix
   rows: 30
   cols: 1
   dt: f
   data: [ 1.19959605e+00, 1.27652717e+00, 1.33591938e+00,
       1.33368778e+00, 1.31452715e+00, 1.28061545e+00, 1.19204080e+00,
       1.23775291e+00, 1.25045025e+00, 1.27672255e+00, 1.21935964e+00,
       1.21284449e+00, 1.22047472e+00, 1.23181736e+00, 1.20264876e+00,
       1.18649745e+00, 1.20415449e+00, 1.21297979e+00, 1.22285199e+00,
       1.23429883e+00, 1.13016200e+00, 1.12981701e+00, 1.12634504e+00,
       1.15623081e+00, 1.09473455e+00, 1.10224092e+00, 1.09000599e+00,
       1.21923399e+00, 1.45244849e+00, 1.44459867e+00 ]
No: 1
r : !!opencv-matrix
   rows: 1
   cols: 3
   dt: d
   data: [ -4.5743768177840101e-02, 4.0889270688932278e-01,
       -1.0740700892896227e-01 ]
t : !!opencv-matrix
   rows: 1
   cols: 3
   dt: d
   data: [ -4.8870217135471947e-02, -3.5918224534243773e-02,
       3.1134819622434462e-01 ]
No: 2
r : !!opencv-matrix
   rows: 1
   cols: 3
   dt: d
   data: [ 2.2571691795736334e-01, 4.1138168567639016e-01,
       -1.4520040749802429e-01 ]
t : !!opencv-matrix
   rows: 1
   cols: 3
   dt: d
   data: [ -4.6321121792022059e-02, -4.8835922007819270e-02,
       2.8692119741650235e-01 ]
No: 3
r : !!opencv-matrix
   rows: 1
   cols: 3
   dt: d
   data: [ 2.0162188422248006e-01, 5.1536739411679300e-01,
       -9.1581358401006799e-02 ]
t : !!opencv-matrix
   rows: 1
   cols: 3
   dt: d
   data: [ -3.5894333390902325e-02, -4.5264261357909188e-02,
       2.8036970545270590e-01 ]
No: 4
r : !!opencv-matrix
   rows: 1
   cols: 3
   dt: d
   data: [ 1.6649664750296272e-01, 5.1030293549322736e-01,
       -8.0596895699183504e-02 ]
t : !!opencv-matrix
   rows: 1
   cols: 3
   dt: d
   data: [ -3.4837063410734601e-02, -2.8726000829931528e-02,
       2.8480133416130099e-01 ]
No: 5
r : !!opencv-matrix
   rows: 1
   cols: 3
   dt: d
   data: [ 1.3308175612963499e-01, 4.6720464010719037e-01,
       -7.9189470860807382e-02 ]
t : !!opencv-matrix
   rows: 1
   cols: 3
   dt: d
   data: [ -3.5712189050485919e-02, -1.0315339933420599e-02,
       2.8860311140265904e-01 ]
No: 6
r : !!opencv-matrix
   rows: 1
   cols: 3
   dt: d
   data: [ 1.5269926266365536e-01, 3.3067697741108121e-01,
       -1.9869302774357306e-02 ]
t : !!opencv-matrix
   rows: 1
   cols: 3
   dt: d
   data: [ -6.2692017459642257e-02, -9.5254569845206177e-03,
       2.8845439718637378e-01 ]
No: 7
r : !!opencv-matrix
   rows: 1
   cols: 3
   dt: d
   data: [ 1.7680289083636258e-01, 1.0009356356706002e-01,
       3.0965012820674064e-02 ]
t : !!opencv-matrix
   rows: 1
   cols: 3
   dt: d
   data: [ -8.0870448532037620e-02, -1.9636766371336115e-02,
       2.8579987555419006e-01 ]
No: 8
r : !!opencv-matrix
   rows: 1
   cols: 3
   dt: d
   data: [ 1.9593038021357151e-01, 1.8760906565944430e-01,
       -5.6231912564482782e-02 ]
t : !!opencv-matrix
   rows: 1
   cols: 3
   dt: d
   data: [ -8.3053784100120404e-02, -3.3908666501974667e-02,
       2.8118565743743623e-01 ]
No: 9
r : !!opencv-matrix
   rows: 1
   cols: 3
   dt: d
   data: [ 2.4158081836906026e-01, 1.9123817032616006e-01,
       -1.3966809711924840e-02 ]
t : !!opencv-matrix
   rows: 1
   cols: 3
   dt: d
   data: [ -8.3435740476334244e-02, -5.2585802561622166e-02,
       2.7607055300535766e-01 ]
No: 10
r : !!opencv-matrix
   rows: 1
   cols: 3
   dt: d
   data: [ 2.4213920884446596e-01, 2.5900261761936244e-01,
       -2.3615776262975896e-02 ]
t : !!opencv-matrix
   rows: 1
   cols: 3
   dt: d
   data: [ -5.3920993385117612e-02, -5.4423409971275441e-02,
       2.7072636171324549e-01 ]
No: 11
r : !!opencv-matrix
   rows: 1
   cols: 3
   dt: d
   data: [ 3.6782047689744773e-02, 3.1830172911800303e-01,
       9.9990545831564956e-03 ]
t : !!opencv-matrix
   rows: 1
   cols: 3
   dt: d
   data: [ -3.0699402722439661e-02, -5.8170295193032830e-02,
       2.7850473379991353e-01 ]
No: 12
r : !!opencv-matrix
   rows: 1
   cols: 3
   dt: d
   data: [ 2.5945020248941877e-02, 3.0636409213600446e-01,
       1.1782121110839594e-02 ]
t : !!opencv-matrix
   rows: 1
   cols: 3
   dt: d
   data: [ -3.5197154683724842e-02, -5.3141973364392185e-02,
       2.8131434587490745e-01 ]
No: 13
r : !!opencv-matrix
   rows: 1
   cols: 3
   dt: d
   data: [ -1.5597333118372741e-03, 3.0797170091488735e-01,
       3.3926455357888444e-03 ]
t : !!opencv-matrix
   rows: 1
   cols: 3
   dt: d
   data: [ -3.4402908770285970e-02, -4.1460971503682269e-02,
       2.8480852787955147e-01 ]
No: 14
r : !!opencv-matrix
   rows: 1
   cols: 3
   dt: d
   data: [ -5.7738404693873591e-02, 3.1282955186631989e-01,
       1.2588953342109747e-02 ]
t : !!opencv-matrix
   rows: 1
   cols: 3
   dt: d
   data: [ -3.0398208373626851e-02, -1.5516741094653034e-02,
       2.9086999443461720e-01 ]
No: 15
r : !!opencv-matrix
   rows: 1
   cols: 3
   dt: d
   data: [ -6.1852614452579967e-02, 2.5357450492361433e-01,
       1.1543072775430692e-02 ]
t : !!opencv-matrix
   rows: 1
   cols: 3
   dt: d
   data: [ -5.6342329339195918e-02, -1.3717770405719060e-02,
       2.9689225328164232e-01 ]
No: 16
r : !!opencv-matrix
   rows: 1
   cols: 3
   dt: d
   data: [ -6.5299170588225097e-02, 2.0561837766827457e-01,
       1.0967257041986655e-02 ]
t : !!opencv-matrix
   rows: 1
   cols: 3
   dt: d
   data: [ -7.7951755594845282e-02, -1.2218767258077981e-02,
       3.0067239173266208e-01 ]
No: 17
r : !!opencv-matrix
   rows: 1
   cols: 3
   dt: d
   data: [ -6.9479504551099676e-03, 2.0115085464630211e-01,
       4.6239157426671397e-03 ]
t : !!opencv-matrix
   rows: 1
   cols: 3
   dt: d
   data: [ -8.1480302773752844e-02, -3.8678714255029459e-02,
       2.9420858065236538e-01 ]
No: 18
r : !!opencv-matrix
   rows: 1
   cols: 3
   dt: d
   data: [ 2.0611364899011574e-02, 1.9960270547323541e-01,
       1.8485789717143581e-03 ]
t : !!opencv-matrix
   rows: 1
   cols: 3
   dt: d
   data: [ -8.3016724454458665e-02, -5.0954081171957669e-02,
       2.9064199093657306e-01 ]
No: 19
r : !!opencv-matrix
   rows: 1
   cols: 3
   dt: d
   data: [ 2.4439564143194682e-02, 2.6192608719494204e-01,
       5.0202650756076559e-04 ]
t : !!opencv-matrix
   rows: 1
   cols: 3
   dt: d
   data: [ -5.5544553303767737e-02, -5.2973877656841140e-02,
       2.8566859525041044e-01 ]
No: 20
r : !!opencv-matrix
   rows: 1
   cols: 3
   dt: d
   data: [ -1.6956009861102659e-02, 2.7364712648633893e-01,
       6.4179152355557465e-03 ]
t : !!opencv-matrix
   rows: 1
   cols: 3
   dt: d
   data: [ -4.8740283549217785e-02, -3.4251569069022915e-02,
       2.9007133055444673e-01 ]
No: 21
r : !!opencv-matrix
   rows: 1
   cols: 3
   dt: d
   data: [ -3.0349188267808164e-02, 2.7511355254996389e-01,
       8.8977989304315497e-03 ]
t : !!opencv-matrix
   rows: 1
   cols: 3
   dt: d
   data: [ -4.3618263198783355e-02, -3.9395290740790768e-02,
       3.1170657243828193e-01 ]
No: 22
r : !!opencv-matrix
   rows: 1
   cols: 3
   dt: d
   data: [ 1.4031717248066520e-02, 2.7399971307749704e-01,
       1.4917861379823360e-03 ]
t : !!opencv-matrix
   rows: 1
   cols: 3
   dt: d
   data: [ -4.6144967933862358e-02, -6.0609235596324605e-02,
       3.0563507070951895e-01 ]
No: 23
r : !!opencv-matrix
   rows: 1
   cols: 3
   dt: d
   data: [ 1.5526215991542988e-02, 3.2189960577179683e-01,
       8.6286649538864818e-04 ]
t : !!opencv-matrix
   rows: 1
   cols: 3
   dt: d
   data: [ -2.4926960404599869e-02, -6.1865445556785928e-02,
       3.0035142814419907e-01 ]
