%YAML:1.0
---
calibration_time: "Wed Nov 18 22:56:02 2020"
nframes: 30
image_width: 2448
image_height: 2048
board_width: 11
board_height: 8
square_size: 9.9999997764825821e-03
flags: 0
camera_matrix: !!opencv-matrix
   rows: 3
   cols: 3
   dt: d
   data: [ 3.7300764629381015e+03, 0., 1.3146365329532523e+03, 0.,
       3.7235162699778234e+03, 1.0850130240566559e+03, 0., 0., 1. ]
distortion_coefficients: !!opencv-matrix
   rows: 5
   cols: 1
   dt: d
   data: [ -1.4735824510876908e-01, 5.1609061860007865e-01,
       4.3114881205470382e-04, 5.4504189627966821e-03, 0. ]
avg_reprojection_error: 1.1054099317628800e+00
per_view_reprojection_errors: !!opencv-matrix
   rows: 30
   cols: 1
   dt: f
   data: [ 1.05126226e+00, 1.10115933e+00, 1.10300636e+00,
       1.08873582e+00, 1.13499725e+00, 1.22846425e+00, 1.18679965e+00,
       1.19840407e+00, 1.19849598e+00, 1.11898422e+00, 1.06028628e+00,
       1.03597856e+00, 1.00740111e+00, 1.03652477e+00, 1.09875762e+00,
       1.14941418e+00, 1.11616075e+00, 1.12460506e+00, 1.07914269e+00,
       1.04825974e+00, 9.96334136e-01, 1.02462173e+00, 9.86803174e-01,
       9.76879895e-01, 1.06310034e+00, 1.04897964e+00, 9.91360843e-01,
       1.05586326e+00, 1.50698972e+00, 1.20368457e+00 ]
No: 1
r : !!opencv-matrix
   rows: 1
   cols: 3
   dt: d
   data: [ -1.1991764946193300e-03, -2.4829026527086345e-01,-1.1810102633579479e-01 ]
t : !!opencv-matrix
   rows: 1
   cols: 3
   dt: d
   data: [ -5.8196961798611647e-02, -4.0904611367271401e-02,2.9424290399903408e-01 ]
No: 2
r : !!opencv-matrix
   rows: 1
   cols: 3
   dt: d
   data: [ 2.7535745828297337e-01, -2.4472981948770864e-01,-6.5089137084956422e-02 ]
t : !!opencv-matrix
   rows: 1
   cols: 3
   dt: d
   data: [ -4.0764446948829358e-02, -5.3524209566170003e-02,2.7569501736097496e-01 ]
No: 3
r : !!opencv-matrix
   rows: 1
   cols: 3
   dt: d
   data: [ 2.3321247002961543e-01, -1.4026917274180881e-01,-2.1908266305885573e-02 ]
t : !!opencv-matrix
   rows: 1
   cols: 3
   dt: d
   data: [ -2.8333106714415267e-02, -4.9957084876502814e-02,2.7671926636070049e-01 ]
No: 4
r : !!opencv-matrix
   rows: 1
   cols: 3
   dt: d
   data: [ 2.0001093688367638e-01, -1.4683309310484813e-01,-2.2329269872628656e-02 ]
t : !!opencv-matrix
   rows: 1
   cols: 3
   dt: d
   data: [ -3.0211402372232375e-02, -3.3475642731204625e-02,2.8082499729476273e-01 ]
No: 5
r : !!opencv-matrix
   rows: 1
   cols: 3
   dt: d
   data: [ 1.7217737845942882e-01, -1.9287753833135124e-01,-3.1282430136262099e-02 ]
t : !!opencv-matrix
   rows: 1
   cols: 3
   dt: d
   data: [ -3.3289700529756300e-02, -1.5112969726326256e-02,2.8329171573033507e-01 ]
No: 6
r : !!opencv-matrix
   rows: 1
   cols: 3
   dt: d
   data: [ 1.7415490137567208e-01, -3.2780340928893142e-01,3.0189619903455985e-02 ]
t : !!opencv-matrix
   rows: 1
   cols: 3
   dt: d
   data: [ -5.4459856619410239e-02, -1.4261916334307857e-02,2.6635296640310901e-01 ]
No: 7
r : !!opencv-matrix
   rows: 1
   cols: 3
   dt: d
   data: [ 1.8032776164609346e-01, -5.6013675585782652e-01,8.5468151407902468e-02 ]
t : !!opencv-matrix
   rows: 1
   cols: 3
   dt: d
   data: [ -6.7327100762440445e-02, -2.3945592012809751e-02,2.5328458978302326e-01 ]
No: 8
r : !!opencv-matrix
   rows: 1
   cols: 3
   dt: d
   data: [ 2.2202753133547978e-01, -4.6821193230372166e-01,7.5042032822627775e-03 ]
t : !!opencv-matrix
   rows: 1
   cols: 3
   dt: d
   data: [ -6.6315225817594456e-02, -3.8161789948916960e-02,2.4837053490916064e-01 ]
No: 9
r : !!opencv-matrix
   rows: 1
   cols: 3
   dt: d
   data: [ 2.4531701792031901e-01, -4.6426981784421661e-01,6.1344900059603677e-02 ]
t : !!opencv-matrix
   rows: 1
   cols: 3
   dt: d
   data: [ -6.3650669402261634e-02, -5.6863100463314463e-02,2.4433589576405254e-01 ]
No: 10
r : !!opencv-matrix
   rows: 1
   cols: 3
   dt: d
   data: [ 2.4911038710306713e-01, -4.0373942989270206e-01,5.3554013570842489e-02 ]
t : !!opencv-matrix
   rows: 1
   cols: 3
   dt: d
   data: [ -3.6596025059187548e-02, -5.8867668153410248e-02,2.5787115530172577e-01 ]
No: 11
r : !!opencv-matrix
   rows: 1
   cols: 3
   dt: d
   data: [ 3.1372854827244064e-02, -3.5495960832948958e-01,1.5991417524404281e-02 ]
t : !!opencv-matrix
   rows: 1
   cols: 3
   dt: d
   data: [ -2.3228911393720315e-02, -6.2896160797699607e-02,2.7844076975936155e-01 ]
No: 12
r : !!opencv-matrix
   rows: 1
   cols: 3
   dt: d
   data: [ 2.1313502422341309e-02, -3.6522060800721934e-01,1.4307847418982849e-02 ]
t : !!opencv-matrix
   rows: 1
   cols: 3
   dt: d
   data: [ -2.8512797804346148e-02, -5.7852505677482756e-02,2.7794477051072758e-01 ]
No: 13
r : !!opencv-matrix
   rows: 1
   cols: 3
   dt: d
   data: [ 1.4597039051336910e-03, -3.6296451011009928e-01,-1.7446562641502314e-03 ]
t : !!opencv-matrix
   rows: 1
   cols: 3
   dt: d
   data: [ -2.9996958883933691e-02, -4.6217283316998904e-02,2.8123161306111816e-01 ]
No: 14
r : !!opencv-matrix
   rows: 1
   cols: 3
   dt: d
   data: [ -4.8097063236020525e-02, -3.5860888873093172e-01,-9.6948217429358059e-03 ]
t : !!opencv-matrix
   rows: 1
   cols: 3
   dt: d
   data: [ -3.0599918866628755e-02, -2.0405806740187802e-02,2.8864676629560770e-01 ]
No: 15
r : !!opencv-matrix
   rows: 1
   cols: 3
   dt: d
   data: [ -5.0109573810843556e-02, -4.0976748007862351e-01,-1.2405036928562452e-02 ]
t : !!opencv-matrix
   rows: 1
   cols: 3
   dt: d
   data: [ -5.4906595441027349e-02, -1.8439032853129471e-02,2.7757206189625933e-01 ]
No: 16
r : !!opencv-matrix
   rows: 1
   cols: 3
   dt: d
   data: [ -5.2182834549104475e-02, -4.5128849511543756e-01,-1.4323020281609741e-02 ]
t : !!opencv-matrix
   rows: 1
   cols: 3
   dt: d
   data: [ -7.4517245250040026e-02, -1.6781766847315662e-02,2.6752415324967521e-01 ]
No: 17
r : !!opencv-matrix
   rows: 1
   cols: 3
   dt: d
   data: [ -4.1196616214778919e-03, -4.5564159770299578e-01,-3.3431324682356872e-03 ]
t : !!opencv-matrix
   rows: 1
   cols: 3
   dt: d
   data: [ -7.3412786616022158e-02, -4.3143904179175040e-02,2.6028159844454213e-01 ]
No: 18
r : !!opencv-matrix
   rows: 1
   cols: 3
   dt: d
   data: [ 1.8572972466225988e-02, -4.5728072573097811e-01,1.9970281658784101e-03 ]
t : !!opencv-matrix
   rows: 1
   cols: 3
   dt: d
   data: [ -7.2484830960833968e-02, -5.5381828299077590e-02,2.5652818812108408e-01 ]
No: 19
r : !!opencv-matrix
   rows: 1
   cols: 3
   dt: d
   data: [ 2.2628217782005064e-02, -4.0380893735490608e-01,2.5665509311310012e-03 ]
t : !!opencv-matrix
   rows: 1
   cols: 3
   dt: d
   data: [ -4.7396759633519928e-02, -5.7567888604272491e-02,2.6905502290812044e-01 ]
No: 20
r : !!opencv-matrix
   rows: 1
   cols: 3
   dt: d
   data: [ -1.2492724813488143e-02, -3.9317604063186429e-01,-3.8530663319538941e-03 ]
t : !!opencv-matrix
   rows: 1
   cols: 3
   dt: d
   data: [ -4.4644037601942042e-02, -3.8946553949307267e-02,2.7671693271293613e-01 ]
No: 21
r : !!opencv-matrix
   rows: 1
   cols: 3
   dt: d
   data: [ -2.9635882600334760e-02, -3.9124404967465143e-01,-6.4131885909565322e-03 ]
t : !!opencv-matrix
   rows: 1
   cols: 3
   dt: d
   data: [ -5.4388964370105868e-02, -4.4429558997842074e-02,2.9781066229847392e-01 ]
No: 22
r : !!opencv-matrix
   rows: 1
   cols: 3
   dt: d
   data: [ 8.5162208968319261e-03, -3.9315826296126910e-01,-3.9273770286817267e-04 ]
t : !!opencv-matrix
   rows: 1
   cols: 3
   dt: d
   data: [ -5.2702080739697364e-02, -6.5547935092386808e-02,2.9138409319700975e-01 ]
No: 23
r : !!opencv-matrix
   rows: 1
   cols: 3
   dt: d
   data: [ 1.1734881428244734e-02, -3.5230879366959311e-01,1.3739192069704302e-04 ]
t : !!opencv-matrix
   rows: 1
   cols: 3
   dt: d
   data: [ -3.2596897035799800e-02, -6.6917556904578790e-02,3.0009960825730370e-01 ]
No: 24
r : !!opencv-matrix
   rows: 1
   cols: 3
   dt: d
   data: [ -8.0433432822251141e-02, -3.5246005252350932e-01,-1.5647291899368615e-02 ]
t : !!opencv-matrix
   rows: 1
   cols: 3
   dt: d
   data: [ -3.8161538634089477e-02, -1.6159735618078305e-02,3.1303363795679123e-01 ]
