RMS error reported by calibrateCamera: 0.278441
Calibration succeeded. avg reprojection error = 0.2784410
Hcg 矩阵为：
[-0.6775125237532105, -0.6936656359727588, 0.2445501290698156, 1.044023502465052;
 0.6552579941961177, -0.7202723463883729, -0.227694330342827, 147.0008598329528;
 0.334086427739344, 0.005977666659823119, 0.9425234884615177, 125.7441941279379;
 0, 0, 0, 1]
是否为旋转矩阵：1

第一组和第二组手眼数据验证：
[-0.04883617033863179, -0.998782532485666, -0.006962849142112232, 491.981247323299;
 -0.9987362474350274, 0.04874867575372738, 0.01222598346383474, -31.52728198462978;
 -0.01187166905098569, 0.007551120034646391, -0.9999010171312794, -56.43729489462703;
 0, 0, 0, 1]
[-0.04864474971532361, -0.9987619836694875, -0.0104013605708099, 490.6832269989626;
 -0.9987524433933294, 0.04852140107618549, 0.01179959547860178, -30.41616511165641;
 -0.01128029879871154, 0.01096237265350994, -0.9998762829694573, -56.43158780993224;
 0, 0, 0, 1]

第三组和第四组手眼数据验证：
[-0.05229892005168986, -0.9986020454369968, -0.007666668798999965, 489.5888917223954;
 -0.9984999572059809, 0.05216589885092826, 0.0166299265400926, -28.73036059376133;
 -0.01620673998931138, 0.008524895666299714, -0.9998323198080756, -57.59114972406201;
 0, 0, 0, 1]
[-0.05195708546855447, -0.9986173932840225, -0.00798518003790033, 491.1307171838121;
 -0.9985765021664008, 0.05185507854192157, 0.01249080263742994, -30.0252428345453;
 -0.01205946063177873, 0.008622798851619207, -0.9998901023358696, -55.3735573385506;
 0, 0, 0, 1]

标定板在相机中的位姿：
[0.9619869495126506, -0.2343882697072913, 0.1401543720009014, -5.681946808840734;
 0.2617304800784899, 0.937790719070335, -0.2281353173522841, -24.96048722807493;
 -0.0779632270062508, 0.2561458690847195, 0.9634889874750026, 362.7561423119657;
 0, 0, 0, 1]
手眼系统反演的位姿为：
[0.9620264663585097, -0.2340888349345736, 0.140383387139407, -4.361494785813022;
 0.2617689835889563, 0.9369573693016263, -0.231490577221149, -25.9481590397157;
 -0.07734388958776001, 0.2594480785636111, 0.9626549835081549, 362.3085030755436;
 0, 0, 0, 1]

----手眼系统测试----
机械臂下标定板XYZ为：
1: [491.981247323299, -31.52728198462978, -56.43729489462703, 1]
2: [490.6832269989626, -30.41616511165641, -56.43158780993224, 1]
3: [489.5888917223954, -28.73036059376133, -57.59114972406201, 1]
4: [491.1307171838121, -30.0252428345453, -55.3735573385506, 1]
5: [490.5017589626846, -29.94570617493821, -54.28350891141682, 1]
6: [490.7030260960701, -30.11425016227008, -56.65842203121085, 1]
7: [490.6574594539894, -28.99486108554856, -56.15761424284659, 1]