%YAML:1.0
---
calibration_time: "Sun Dec 20 22:03:54 2020"
nframes: 7
image_width: 2448
image_height: 2048
board_width: 11
board_height: 8
square_size: 10.
flags: 0
camera_matrix: !!opencv-matrix
   rows: 3
   cols: 3
   dt: d
   data: [ 3.6670669843215624e+03, 0., 1.2121582242442676e+03, 0.,
       3.6554666941769733e+03, 1.0206453938551418e+03, 0., 0., 1. ]
distortion_coefficients: !!opencv-matrix
   rows: 5
   cols: 1
   dt: d
   data: [ -1.1684835045358244e-01, 4.2032458272551609e-01,
       -2.0033610033271939e-03, -2.5601276125478551e-04, 0. ]
avg_reprojection_error: 2.7844104837004779e-01
per_view_reprojection_errors: !!opencv-matrix
   rows: 7
   cols: 1
   dt: f
   data: [ 2.46750459e-01, 2.25987762e-01, 2.44735733e-01,
       2.81253755e-01, 2.82951981e-01, 3.23913425e-01, 3.26754779e-01 ]
extrinsic_parameters: !!opencv-matrix
   rows: 7
   cols: 6
   dt: d
   data: [ -2.1407130727156868e+01, -2.9247175793731934e+01,
       3.7514142547044332e+02, 1.8918184613028013e-01,
       4.0521901460160131e-01, 1.9270059121956774e-02,
       -5.6819468088407339e+00, -2.4960487228074928e+01,
       3.6275614231196568e+02, 2.4781417088615854e-01,
       1.1161414786999641e-01, 2.5387163507999277e-01,
       3.1177702247272528e+01, -1.3050372808817183e+01,
       3.7544630632998854e+02, 3.4550691921626470e-01,
       -1.9535424609551791e-01, 6.0217168726405434e-01,
       -1.7652726600178582e+01, -7.9561401795828246e+00,
       3.5094932149588880e+02, 4.6097458878161668e-01,
       1.5550084183644261e-01, -4.7167079989218156e-03,
       -4.5884700282315968e+01, 2.2282628808049111e+01,
       3.4964458280291058e+02, 4.2509977294454754e-01,
       3.9825620464920158e-01, -3.0640110717781333e-01,
       -2.4411014874792308e+01, 2.3753940337173905e+01,
       3.9872379900942934e+02, 3.6708611136466801e-01,
       5.7387474249610859e-01, -1.1435780360349659e+00,
       -2.5613905152800518e+00, 5.6127910679123566e+01,
       4.0322174005460550e+02, 3.7858814355861681e-01,
       6.2564852449356456e-01, -1.5083963656663890e+00 ]
