%YAML:1.0
---
R: !!opencv-matrix
   rows: 3
   cols: 3
   dt: d
   data: [ 7.7906855828605925e-01, 2.7828450647234995e-03,
       6.2693256197411440e-01, -3.6249410782312635e-03,
       9.9999342771481048e-01, 6.5797897763604160e-05,
       -6.2692825848916756e-01, -2.3238546705296797e-03,
       7.7907352567470156e-01 ]
T: !!opencv-matrix
   rows: 3
   cols: 1
   dt: d
   data: [ -1.8641972335756356e+02, 2.7314347683565914e+00,
       6.3409222259579245e+01 ]
R1: !!opencv-matrix
   rows: 3
   cols: 3
   dt: d
   data: [ 9.3941439836058171e-01, -1.0487535307080961e-02,
       3.4262311620205815e-01, 9.5527495331299509e-03,
       9.9994462119514349e-01, 4.4158259995011944e-03,
       -3.4265045327444643e-01, -8.7529771124769023e-04,
       9.3946255951194402e-01 ]
R2: !!opencv-matrix
   rows: 3
   cols: 3
   dt: d
   data: [ 9.4664062381018466e-01, -1.3870244341335857e-02,
       -3.2199246213875249e-01, 1.2993362867632280e-02,
       9.9990371167179437e-01, -4.8723614766263256e-03,
       3.2202903886707857e-01, 4.2861040645109766e-04,
       9.4672969448489630e-01 ]
P1: !!opencv-matrix
   rows: 3
   cols: 4
   dt: d
   data: [ -1.4326145880583985e+05, 0., 1.1706992864608765e+03, 0., 0.,
       -1.4326145880583985e+05, 1.0254078674316406e+03, 0., 0., 0., 1.,
       0. ]
P2: !!opencv-matrix
   rows: 3
   cols: 4
   dt: d
   data: [ -1.4326145880583985e+05, 0., 1.1706992864608765e+03,
       2.8212143918874048e+07, 0., -1.4326145880583985e+05,
       1.0254078674316406e+03, 0., 0., 0., 1., 0. ]
Q: !!opencv-matrix
   rows: 4
   cols: 4
   dt: d
   data: [ 1., 0., 0., -1.1706992864608765e+03, 0., 1., 0.,
       -1.0254078674316406e+03, 0., 0., 0., -1.4326145880583985e+05, 0.,
       0., 5.0780068050764945e-03, 0. ]
