%YAML:1.0
---
R: !!opencv-matrix
   rows: 3
   cols: 3
   dt: d
   data: [ 7.9686560163007181e-01, -4.9783956901361809e-03,
       -6.0413610098643855e-01, 3.2219028565208920e-04,
       9.9996940822133040e-01, -7.8152936542482329e-03,
       6.0415652701279621e-01, 6.0330918967586413e-03,
       7.9684282808468676e-01 ]
T: !!opencv-matrix
   rows: 3
   cols: 1
   dt: d
   data: [ 1.8392840810519419e+02, -2.1824514289170679e-01,
       6.4846659173011275e+01 ]
R1: !!opencv-matrix
   rows: 3
   cols: 3
   dt: d
   data: [ 9.5240903735755789e-01, -3.8081300457947038e-03,
       -3.0479915305854172e-01, 2.5703789736716749e-03,
       9.9998674156740319e-01, -4.4620445245765169e-03,
       3.0481210394533509e-01, 3.4662421960838723e-03,
       9.5240619824393025e-01 ]
R2: !!opencv-matrix
   rows: 3
   cols: 3
   dt: d
   data: [ 9.4310113084281133e-01, -1.1190617218006784e-03,
       3.3250414238603587e-01, -2.3440091563477458e-04,
       9.9999185053372630e-01, 4.0303749632532295e-03,
       -3.3250594289308749e-01, -3.8789904609923169e-03,
       9.4309318276286069e-01 ]
P1: !!opencv-matrix
   rows: 3
   cols: 4
   dt: d
   data: [ -1.1572774445823497e+04, 0., 2.5623743596076965e+03, 0., 0.,
       -1.1572774445823497e+04, 1.0254938507080078e+03, 0., 0., 0., 1.,
       0. ]
P2: !!opencv-matrix
   rows: 3
   cols: 4
   dt: d
   data: [ -1.1572774445823497e+04, 0., -2.4195308685302734e+02,
       -2.2569816868723002e+06, 0., -1.1572774445823497e+04,
       1.0254938507080078e+03, 0., 0., 0., 1., 0. ]
Q: !!opencv-matrix
   rows: 4
   cols: 4
   dt: d
   data: [ 1., 0., 0., -2.5623743596076965e+03, 0., 1., 0.,
       -1.0254938507080078e+03, 0., 0., 0., -1.1572774445823497e+04, 0.,
       0., -5.1275446819690051e-03, 1.4379314284599404e+01 ]
