%YAML:1.0
---
M1: !!opencv-matrix
   rows: 3
   cols: 3
   dt: d
   data: [ 3.7823775757022486e+03, 0., 1.2233964622526464e+03, 0.,
       3.7614321629978585e+03, 1.0241217987430134e+03, 0., 0., 1. ]
D1: !!opencv-matrix
   rows: 1
   cols: 14
   dt: d
   data: [ -8.2884456761803033e-02, -4.4530739269036934e-01, 0., 0., 0.,
       0., 0., -5.5659727567808330e+00, 0., 0., 0., 0., 0., 0. ]
M2: !!opencv-matrix
   rows: 3
   cols: 3
   dt: d
   data: [ 3.7823775757022486e+03, 0., 1.2217690634637422e+03, 0.,
       3.7614321629978585e+03, 1.0246857991851900e+03, 0., 0., 1. ]
D2: !!opencv-matrix
   rows: 1
   cols: 14
   dt: d
   data: [ -4.5319384484375974e-02, -2.9109629926268510e-01, 0., 0., 0.,
       0., 0., -1.9530592034574585e+00, 0., 0., 0., 0., 0., 0. ]
