%YAML:1.0
---
M1: !!opencv-matrix
   rows: 3
   cols: 3
   dt: d
   data: [ 3.6886354002925414e+03, 0., 1.2243522512903976e+03, 0.,
       3.6846765676900518e+03, 1.0308550127074971e+03, 0., 0., 1. ]
D1: !!opencv-matrix
   rows: 5
   cols: 1
   dt: d
   data: [ -1.2156112631781718e-01, 3.8622051836316573e-01,
       -5.7566315838195286e-04, 1.8933370901947463e-03, 0. ]
avg_reprojection_error: 2.8928459279565338e-01
M2: !!opencv-matrix
   rows: 3
   cols: 3
   dt: d
   data: [ 3.6717306289781286e+03, 0., 1.2066099645399361e+03, 0.,
       3.6708653089982126e+03, 1.0155184642468874e+03, 0., 0., 1. ]
D2: !!opencv-matrix
   rows: 5
   cols: 1
   dt: d
   data: [ -1.2963482885663541e-01, 5.6036537388328178e-01,
       -1.7615730886481266e-03, 7.6269422245375904e-04, 0. ]
