%YAML:1.0
---
M1: !!opencv-matrix
   rows: 3
   cols: 3
   dt: d
   data: [ 3.6886354002925414e+03, 0., 1.2243522512903976e+03, 0.,
       3.6846765676900518e+03, 1.0308550127074971e+03, 0., 0., 1. ]
D1: !!opencv-matrix
   rows: 1
   cols: 14
   dt: d
   data: [ 2.6414536323521552e-02, -7.6172971269805689e-01, 0., 0., 0.,
       0., 0., -4.8543545578704244e+00, 0., 0., 0., 0., 0., 0. ]
M2: !!opencv-matrix
   rows: 3
   cols: 3
   dt: d
   data: [ 3.6717306289781286e+03, 0., 1.2066099645399361e+03, 0.,
       3.6708653089982126e+03, 1.0155184642468874e+03, 0., 0., 1. ]
D2: !!opencv-matrix
   rows: 1
   cols: 14
   dt: d
   data: [ 1.5009905154834927e-01, -4.3632973373348820e+00, 0., 0., 0.,
       0., 0., -3.1428340823877907e+01, 0., 0., 0., 0., 0., 0. ]
