%YAML:1.0
---
R: !!opencv-matrix
   rows: 3
   cols: 3
   dt: d
   data: [ 7.7956430077126959e-01, 2.3057494198399199e-03,
       6.2631795797551126e-01, -4.9366827237411542e-03,
       9.9998478078539654e-01, 2.4632014264846010e-03,
       -6.2630274638283889e-01, -5.0121569404028071e-03,
       7.7956381916820516e-01 ]
T: !!opencv-matrix
   rows: 3
   cols: 1
   dt: d
   data: [ -1.8481258452634884e+02, 2.0312365890434623e+00,
       6.3652050510092792e+01 ]
R1: !!opencv-matrix
   rows: 3
   cols: 3
   dt: d
   data: [ 9.4102339335260765e-01, -6.5789718843432404e-03,
       3.3827753441824726e-01, 5.4155892003895298e-03,
       9.9997573076189472e-01, 4.3828393567534145e-03,
       -3.3829815925712048e-01, -2.2923822018816012e-03,
       9.4103618444089843e-01 ]
R2: !!opencv-matrix
   rows: 3
   cols: 3
   dt: d
   data: [ 9.4544236877355514e-01, -1.0391159980831635e-02,
       -3.2562363415775258e-01, 9.2725444653808456e-03,
       9.9994457268716130e-01, -4.9871307009063878e-03,
       3.2565740778767294e-01, 1.6956850365415894e-03,
       9.4548631793657933e-01 ]
P1: !!opencv-matrix
   rows: 3
   cols: 4
   dt: d
   data: [ -9.2141150201955534e+04, 0., 1.1823495302200317e+03, 0., 0.,
       -9.2141150201955534e+04, 1.0262604446411133e+03, 0., 0., 0., 1.,
       0. ]
P2: !!opencv-matrix
   rows: 3
   cols: 4
   dt: d
   data: [ -9.2141150201955534e+04, 0., 1.1823495302200317e+03,
       1.8011509397599798e+07, 0., -9.2141150201955534e+04,
       1.0262604446411133e+03, 0., 0., 0., 1., 0. ]
Q: !!opencv-matrix
   rows: 4
   cols: 4
   dt: d
   data: [ 1., 0., 0., -1.1823495302200317e+03, 0., 1., 0.,
       -1.0262604446411133e+03, 0., 0., 0., -9.2141150201955534e+04, 0.,
       0., 5.1156817659176413e-03, 0. ]
