%YAML:1.0
---
M1: !!opencv-matrix
   rows: 3
   cols: 3
   dt: d
   data: [ 3.7534889157338062e+03, 0., 1.2226685047090693e+03, 0.,
       3.7280098720975748e+03, 1.0244171442964232e+03, 0., 0., 1. ]
D1: !!opencv-matrix
   rows: 1
   cols: 14
   dt: d
   data: [ -1.2988368047713025e-01, 1.4218661405688102e+00, 0., 0., 0.,
       0., 0., 7.9057785364852036e+00, 0., 0., 0., 0., 0., 0. ]
M2: !!opencv-matrix
   rows: 3
   cols: 3
   dt: d
   data: [ 3.7534889157338062e+03, 0., 1.2204165704057928e+03, 0.,
       3.7280098720975748e+03, 1.0255265575712119e+03, 0., 0., 1. ]
D2: !!opencv-matrix
   rows: 1
   cols: 14
   dt: d
   data: [ 1.2592807676669790e-01, -3.0339502343800642e+00, 0., 0., 0.,
       0., 0., -1.5297715990014424e+01, 0., 0., 0., 0., 0., 0. ]
